"county","party","candidate","votes","primary_education","secondary_education","higher_education"
Lawrence,Republican,Donald Trump,1326,23.900000000000006,67.69999999999999,8.4
Hawaii,Democrat,Bernie Sanders,5605,9.0,65.4,25.6
Blackford,Republican,Donald Trump,1019,14.0,76.2,9.8
Essex,Democrat,Hillary Clinton,642,23.299999999999997,62.0,14.7
Newberry,Democrat,Hillary Clinton,2118,23.099999999999994,58.00000000000001,18.9
Manassas Park,Democrat,Hillary Clinton,581,17.099999999999994,56.900000000000006,26.0
Chambers,Democrat,Hillary Clinton,2899,24.900000000000006,63.3,11.8
Hopewell,Democrat,Hillary Clinton,1177,23.200000000000003,66.6,10.2
Travis,Democrat,Bernie Sanders,73889,13.0,42.1,44.9
Lackawanna,Democrat,Hillary Clinton,22971,11.099999999999994,63.2,25.7
Dade,Republican,Ted Cruz,997,14.700000000000003,72.1,13.2
Gasconade,Republican,Donald Trump,1429,15.799999999999997,68.8,15.4
Bay,Democrat,Bernie Sanders,6363,11.0,70.8,18.2
Franklin,Democrat,Hillary Clinton,226,14.799999999999997,70.10000000000001,15.1
Reeves,Democrat,Hillary Clinton,1128,36.8,52.7,10.5
Kalamazoo,Democrat,Bernie Sanders,20146,7.400000000000006,58.599999999999994,34.0
Emanuel,Republican,Donald Trump,1489,23.5,64.9,11.6
Idaho County,Republican,Donald Trump,1668,11.099999999999994,74.10000000000001,14.8
Yell,Republican,Donald Trump,911,28.700000000000003,61.9,9.4
Switzerland,Republican,Donald Trump,858,17.5,72.6,9.9
Frederick,Republican,Donald Trump,15076,8.200000000000003,53.599999999999994,38.2
Oklahoma,Democrat,Hillary Clinton,34255,14.200000000000003,56.199999999999996,29.6
Alexander,Democrat,Hillary Clinton,770,25.400000000000006,66.19999999999999,8.4
Schenectady,Democrat,Bernie Sanders,6862,9.599999999999994,61.400000000000006,29.0
Catahoula,Democrat,Hillary Clinton,431,30.700000000000003,58.099999999999994,11.2
Indian River,Republican,Donald Trump,13678,13.0,60.4,26.6
Anson,Democrat,Hillary Clinton,2307,23.700000000000003,66.1,10.2
Delaware,Democrat,Hillary Clinton,440,9.0,75.5,15.5
Alcorn,Republican,Donald Trump,2901,21.5,61.1,17.4
Grant,Republican,Donald Trump,162,6.400000000000006,75.89999999999999,17.7
Maries,Republican,Donald Trump,958,17.299999999999997,66.2,16.5
Dewey,Democrat,Bernie Sanders,342,18.0,67.2,14.8
Nowata,Democrat,Bernie Sanders,530,15.799999999999997,70.4,13.8
Wake,Democrat,Hillary Clinton,77927,8.400000000000006,43.599999999999994,48.0
Franklin,Democrat,Hillary Clinton,4951,18.799999999999997,64.1,17.1
Douglas,Republican,Ted Cruz,1764,16.200000000000003,67.6,16.2
Boone,Republican,Donald Trump,7023,6.5,52.5,41.0
Kern,Republican,Donald Trump,33838,27.599999999999994,57.400000000000006,15.0
Bannock,Republican,Ted Cruz,4404,8.200000000000003,65.0,26.8
Edgefield,Democrat,Hillary Clinton,1474,18.700000000000003,64.1,17.2
Warren,Democrat,Hillary Clinton,3463,16.599999999999994,58.7,24.7
Talbot,Democrat,Hillary Clinton,852,23.299999999999997,64.4,12.3
Yazoo,Democrat,Hillary Clinton,2203,25.900000000000006,62.199999999999996,11.9
Ravalli,Republican,Donald Trump,6281,7.900000000000006,67.6,24.5
McHenry,Republican,Donald Trump,16514,7.900000000000006,59.699999999999996,32.4
Lamar,Republican,Donald Trump,1810,23.900000000000006,66.6,9.5
Barry,Republican,Donald Trump,3478,8.900000000000006,73.39999999999999,17.7
Dooly,Democrat,Hillary Clinton,737,29.099999999999994,60.800000000000004,10.1
Lauderdale,Republican,Donald Trump,7502,16.200000000000003,62.699999999999996,21.1
Prince George,Democrat,Hillary Clinton,1992,14.0,68.1,17.9
Gila,Republican,Donald Trump,3065,15.700000000000003,68.19999999999999,16.1
Winchester,Democrat,Hillary Clinton,949,16.200000000000003,55.199999999999996,28.6
Abbeville,Democrat,Hillary Clinton,1501,23.200000000000003,64.6,12.2
Panola,Democrat,Hillary Clinton,3061,24.200000000000003,61.5,14.3
Woodruff,Democrat,Hillary Clinton,862,26.400000000000006,63.49999999999999,10.1
Bossier,Republican,Ted Cruz,4988,12.299999999999997,62.5,25.2
Henderson,Democrat,Hillary Clinton,2887,15.0,68.6,16.4
Placer,Republican,Donald Trump,25700,6.400000000000006,58.49999999999999,35.1
Adams,Republican,Donald Trump,2798,9.299999999999997,70.30000000000001,20.4
Maverick,Democrat,Hillary Clinton,4342,43.4,44.400000000000006,12.2
Alpena,Republican,Donald Trump,1885,12.0,72.0,16.0
Franklin,Democrat,Bernie Sanders,2338,16.400000000000006,67.1,16.5
Isabella,Democrat,Bernie Sanders,4024,9.900000000000006,64.8,25.3
Leon,Democrat,Hillary Clinton,27333,8.200000000000003,47.599999999999994,44.2
Madison,Democrat,Hillary Clinton,1085,23.400000000000006,66.3,10.3
Southampton,Democrat,Hillary Clinton,1199,22.0,64.4,13.6
Jefferson,Democrat,Hillary Clinton,1519,26.200000000000003,65.0,8.8
Calhoun,Democrat,Hillary Clinton,1536,17.200000000000003,65.9,16.9
Walker,Republican,Donald Trump,4208,20.900000000000006,65.1,14.0
Clay,Republican,Donald Trump,887,36.4,54.6,9.0
Marin,Democrat,Hillary Clinton,27238,7.599999999999994,37.800000000000004,54.6
Randolph,Democrat,Hillary Clinton,690,27.700000000000003,54.9,17.4
Dillon,Democrat,Hillary Clinton,1615,29.400000000000006,62.39999999999999,8.2
Kauai,Democrat,Bernie Sanders,2049,9.900000000000006,65.0,25.1
Cumberland,Republican,Donald Trump,460,27.0,59.1,13.9
Douglas,Democrat,Bernie Sanders,2347,2.5,41.7,55.8
Monroe,Democrat,Hillary Clinton,843,24.700000000000003,64.0,11.3
New Castle,Democrat,Hillary Clinton,38580,10.599999999999994,55.60000000000001,33.8
Lyon,Democrat,Bernie Sanders,561,16.5,70.2,13.3
Effingham,Republican,Donald Trump,3648,14.799999999999997,68.4,16.8
Sutter,Republican,Donald Trump,4697,21.700000000000003,59.599999999999994,18.7
Barrow,Republican,Donald Trump,4653,17.900000000000006,65.0,17.1
Dawson,Republican,Donald Trump,1685,10.700000000000003,71.19999999999999,18.1
Mercer,Democrat,Bernie Sanders,1331,16.099999999999994,65.0,18.9
Gallatin,Republican,Donald Trump,8313,3.9000000000000057,50.099999999999994,46.0
Hale,Democrat,Hillary Clinton,2426,22.599999999999994,64.60000000000001,12.8
Kings,Republican,Donald Trump,7046,29.0,58.1,12.9
Chicot,Democrat,Hillary Clinton,1370,25.799999999999997,61.6,12.6
Wright,Republican,Donald Trump,1874,23.5,65.4,11.1
Jefferson,Democrat,Hillary Clinton,17581,16.200000000000003,60.199999999999996,23.6
Bienville,Democrat,Hillary Clinton,1056,20.099999999999994,68.80000000000001,11.1
Bollinger,Republican,Donald Trump,1272,20.299999999999997,68.8,10.9
Albany,Democrat,Bernie Sanders,25,4.700000000000003,47.3,48.0
Vance,Democrat,Hillary Clinton,4561,24.400000000000006,64.19999999999999,11.4
Allegheny,Democrat,Hillary Clinton,122399,7.099999999999994,57.00000000000001,35.9
Saint Lawrence,Democrat,Bernie Sanders,4102,12.900000000000006,66.69999999999999,20.4
Howard,Democrat,Hillary Clinton,30873,5.099999999999994,34.900000000000006,60.0
Roosevelt,Republican,Donald Trump,712,16.099999999999994,70.2,13.7
St. Helena,Democrat,Hillary Clinton,1407,19.400000000000006,70.3,10.3
Brevard,Republican,Donald Trump,45483,9.799999999999997,63.900000000000006,26.3
Corson,Democrat,Bernie Sanders,148,17.0,69.2,13.8
Osage,Democrat,Hillary Clinton,2390,12.400000000000006,71.5,16.1
Floyd,Republican,Donald Trump,5945,22.099999999999994,59.800000000000004,18.1
Lexington,Democrat,Hillary Clinton,402,21.700000000000003,36.599999999999994,41.7
Danville,Democrat,Hillary Clinton,2676,22.099999999999994,60.7,17.2
Chilton,Republican,Donald Trump,5273,24.0,63.1,12.9
Marshall,Democrat,Hillary Clinton,3361,26.099999999999994,62.7,11.2
Johnson,Republican,Donald Trump,3035,8.400000000000006,66.0,25.6
Atkinson,Republican,Donald Trump,619,35.400000000000006,56.89999999999999,7.7
Perry,Republican,Donald Trump,1561,17.200000000000003,68.2,14.6
Gooding,Republican,Ted Cruz,863,25.400000000000006,62.49999999999999,12.1
Bracken,Democrat,Bernie Sanders,424,19.099999999999994,66.7,14.2
Bates,Republican,Donald Trump,1306,16.099999999999994,72.0,11.9
White,Republican,Donald Trump,1424,14.599999999999994,71.10000000000001,14.3
Lee,Democrat,Hillary Clinton,3224,19.799999999999997,60.0,20.2
St. Clair,Democrat,Hillary Clinton,20987,10.5,64.2,25.3
Washington,Republican,Donald Trump,1739,19.700000000000003,68.89999999999999,11.4
Northampton,Democrat,Hillary Clinton,3195,27.099999999999994,63.50000000000001,9.4
Elbert,Democrat,Bernie Sanders,144,3.4000000000000057,67.0,29.6
Buffalo,Republican,Donald Trump,3748,7.700000000000003,60.699999999999996,31.6
Hertford,Democrat,Hillary Clinton,2926,22.5,62.1,15.4
Rio Blanco,Democrat,Bernie Sanders,18,8.700000000000003,68.19999999999999,23.1
Riverside,Republican,Donald Trump,82814,20.400000000000006,59.099999999999994,20.5
Chariton,Republican,Donald Trump,597,16.799999999999997,71.5,11.7
Whitfield,Republican,Donald Trump,5945,30.900000000000006,55.099999999999994,14.0
Pike,Republican,Donald Trump,511,19.900000000000006,66.3,13.8
Dakota,Republican,Donald Trump,819,27.200000000000003,61.699999999999996,11.1
Bryan,Republican,Donald Trump,2214,12.0,57.4,30.6
Benton,Democrat,Hillary Clinton,557,27.0,63.1,9.9
Perry,Republican,Donald Trump,676,20.0,71.8,8.2
Wayne,Republican,Donald Trump,2033,18.700000000000003,69.89999999999999,11.4
Culberson,Democrat,Hillary Clinton,355,29.799999999999997,53.7,16.5
Tama,Democrat,Hillary Clinton,476,10.099999999999994,73.80000000000001,16.1
Covington,Republican,Donald Trump,4608,21.599999999999994,64.2,14.2
Furnas,Republican,Donald Trump,546,11.099999999999994,72.10000000000001,16.8
Spencer,Democrat,Bernie Sanders,806,11.799999999999997,71.6,16.6
Walker,Republican,Donald Trump,8394,23.599999999999994,65.9,10.5
Jackson,Democrat,Bernie Sanders,4656,10.299999999999997,54.6,35.1
Cibola,Democrat,Hillary Clinton,1586,20.099999999999994,69.5,10.4
Jackson,Republican,Donald Trump,5463,25.400000000000006,61.599999999999994,13.0
Madison,Democrat,Bernie Sanders,18723,9.099999999999994,66.5,24.4
Webster,Democrat,Hillary Clinton,1878,22.0,64.4,13.6
Santa Fe,Democrat,Hillary Clinton,16087,13.0,47.3,39.7
Fulton,Democrat,Bernie Sanders,2537,13.599999999999994,71.9,14.5
Haskell,Democrat,Bernie Sanders,752,22.0,66.6,11.4
Crawford,Democrat,Bernie Sanders,1582,9.799999999999997,74.8,15.4
Harrison,Democrat,Bernie Sanders,1059,20.0,65.8,14.2
Westchester,Democrat,Hillary Clinton,69628,12.400000000000006,42.199999999999996,45.4
Early,Republican,Donald Trump,760,23.299999999999997,63.800000000000004,12.9
Starke,Republican,Donald Trump,2456,17.799999999999997,69.9,12.3
Lee,Democrat,Hillary Clinton,956,29.900000000000006,62.99999999999999,7.1
Granite,Republican,Donald Trump,487,11.799999999999997,61.7,26.5
Payne,Democrat,Bernie Sanders,3829,10.0,54.1,35.9
Davidson,Democrat,Hillary Clinton,43691,13.599999999999994,50.50000000000001,35.9
Kiowa,Democrat,Hillary Clinton,5,7.799999999999997,71.6,20.6
Chippewa,Republican,Donald Trump,1959,10.200000000000003,71.3,18.5
Quitman,Democrat,Hillary Clinton,193,27.700000000000003,69.1,3.2
Reynolds,Republican,Donald Trump,647,22.900000000000006,70.39999999999999,6.7
Carroll,Democrat,Bernie Sanders,573,25.200000000000003,65.3,9.5
Howard,Republican,Ted Cruz,798,14.400000000000006,62.89999999999999,22.7
Okfuskee,Democrat,Bernie Sanders,596,19.900000000000006,69.0,11.1
Breckinridge,Democrat,Hillary Clinton,877,23.400000000000006,67.19999999999999,9.4
Archuleta,Democrat,Bernie Sanders,156,8.299999999999997,58.800000000000004,32.9
Hernando,Republican,Donald Trump,15479,13.5,71.0,15.5
Pope,Republican,Donald Trump,3073,18.099999999999994,61.2,20.7
Bay,Republican,Donald Trump,14426,13.0,65.9,21.1
McCone,Republican,Donald Trump,410,5.599999999999994,75.80000000000001,18.6
Prentiss,Republican,Donald Trump,1597,27.299999999999997,61.300000000000004,11.4
Tippecanoe,Republican,Donald Trump,10296,9.299999999999997,55.0,35.7
Essex,Democrat,Hillary Clinton,75071,16.5,51.5,32.0
Arapahoe,Democrat,Bernie Sanders,6086,8.599999999999994,52.60000000000001,38.8
Elmore,Republican,Donald Trump,1252,16.0,67.1,16.9
Hot Springs,Democrat,Hillary Clinton,1,14.099999999999994,68.0,17.9
Cass,Republican,Donald Trump,680,14.0,73.0,13.0
Fairfax City,Democrat,Hillary Clinton,1840,8.0,40.1,51.9
Weld,Democrat,Bernie Sanders,1647,14.400000000000006,59.699999999999996,25.9
Kenton,Democrat,Hillary Clinton,5146,11.200000000000003,59.699999999999996,29.1
Forsyth,Republican,Donald Trump,15698,8.599999999999994,47.60000000000001,43.8
Antrim,Republican,Donald Trump,1969,9.299999999999997,66.9,23.8
DeKalb,Republican,Donald Trump,4203,12.099999999999994,71.60000000000001,16.3
Decatur,Republican,Ted Cruz,173,15.0,66.6,18.4
Guthrie,Democrat,Hillary Clinton,220,8.599999999999994,74.30000000000001,17.1
Hudson,Democrat,Hillary Clinton,49798,18.099999999999994,45.60000000000001,36.3
Issaquena,Democrat,Hillary Clinton,175,43.6,51.1,5.3
Adair,Democrat,Bernie Sanders,971,22.599999999999994,64.7,12.7
Chesapeake,Democrat,Hillary Clinton,16126,9.799999999999997,60.900000000000006,29.3
Prince William,Democrat,Hillary Clinton,26439,10.900000000000006,50.99999999999999,38.1
Laurens,Republican,Donald Trump,3088,20.200000000000003,64.8,15.0
Kent,Democrat,Hillary Clinton,1460,13.299999999999997,57.1,29.6
Gloucester,Democrat,Hillary Clinton,17954,9.099999999999994,62.50000000000001,28.4
Monroe,Republican,Donald Trump,698,12.400000000000006,74.5,13.1
Hooker,Republican,Donald Trump,119,4.900000000000006,70.39999999999999,24.7
Saline,Republican,Donald Trump,1417,17.200000000000003,65.6,17.2
Hillsdale,Republican,Donald Trump,3060,13.0,71.7,15.3
Caddo,Democrat,Hillary Clinton,16666,14.200000000000003,63.099999999999994,22.7
Darlington,Democrat,Hillary Clinton,4988,20.799999999999997,62.2,17.0
Jasper,Republican,Donald Trump,1205,16.400000000000006,70.3,13.3
Douglas,Republican,Donald Trump,23754,10.5,53.1,36.4
Denver,Democrat,Bernie Sanders,14624,14.599999999999994,42.50000000000001,42.9
Palo Alto,Democrat,Hillary Clinton,213,10.0,73.5,16.5
Caldwell,Republican,Donald Trump,780,13.099999999999994,73.4,13.5
Stephens,Republican,Donald Trump,1726,19.599999999999994,66.2,14.2
Bradley,Republican,Donald Trump,770,24.0,65.2,10.8
Alachua,Democrat,Hillary Clinton,17733,8.799999999999997,50.7,40.5
Teton,Democrat,Bernie Sanders,9,3.200000000000003,48.099999999999994,48.7
Lenawee,Republican,Donald Trump,5167,10.900000000000006,69.8,19.3
San Benito,Democrat,Hillary Clinton,2022,23.099999999999994,58.7,18.2
Montmorency,Republican,Donald Trump,1046,15.099999999999994,75.0,9.9
Mitchell,Democrat,Hillary Clinton,260,9.0,75.3,15.7
Floyd,Republican,Donald Trump,7456,12.0,65.4,22.6
Mecklenburg,Democrat,Hillary Clinton,1588,23.099999999999994,63.2,13.7
Hidalgo,Democrat,Hillary Clinton,515,22.0,63.9,14.1
Carbon,Republican,Donald Trump,1507,7.200000000000003,65.19999999999999,27.6
Garland,Republican,Donald Trump,5538,13.200000000000003,65.9,20.9
Cecil,Republican,Donald Trump,7348,12.5,65.3,22.2
Todd,Democrat,Bernie Sanders,524,22.400000000000006,65.19999999999999,12.4
Okeechobee,Republican,Donald Trump,2202,32.2,57.599999999999994,10.2
Green,Democrat,Bernie Sanders,4359,8.599999999999994,70.80000000000001,20.6
Mora,Democrat,Hillary Clinton,986,15.900000000000006,74.6,9.5
Ada,Republican,Ted Cruz,20156,6.400000000000006,57.599999999999994,36.0
Marion,Republican,Donald Trump,3503,25.400000000000006,65.1,9.5
Mineral,Democrat,Bernie Sanders,25,3.5,57.2,39.3
Jasper,Democrat,Hillary Clinton,2194,21.200000000000003,66.3,12.5
Warrick,Republican,Donald Trump,7450,7.599999999999994,65.2,27.2
Cassia,Republican,Ted Cruz,2095,22.0,62.4,15.6
Nicholas,Democrat,Bernie Sanders,420,20.5,65.8,13.7
Brown,Republican,Donald Trump,555,8.799999999999997,69.4,21.8
Gladwin,Republican,Donald Trump,1774,16.099999999999994,72.10000000000001,11.8
Worcester,Republican,Donald Trump,5808,10.700000000000003,61.699999999999996,27.6
Jefferson,Republican,Ted Cruz,3080,10.599999999999994,67.4,22.0
Benton,Republican,Marco Rubio,12863,14.200000000000003,57.099999999999994,28.7
Sunflower,Democrat,Hillary Clinton,2332,29.799999999999997,57.2,13.0
Coahoma,Democrat,Hillary Clinton,2301,23.400000000000006,59.099999999999994,17.5
Wicomico,Republican,Donald Trump,6998,14.5,59.2,26.3
Chowan,Democrat,Hillary Clinton,974,20.299999999999997,59.6,20.1
Lee,Republican,Donald Trump,2153,13.599999999999994,70.4,16.0
Portsmouth,Democrat,Hillary Clinton,9464,17.599999999999994,62.900000000000006,19.5
DeSoto,Democrat,Hillary Clinton,1508,22.299999999999997,66.4,11.3
Desha,Democrat,Hillary Clinton,1342,23.099999999999994,64.2,12.7
Greene,Democrat,Hillary Clinton,215,11.200000000000003,71.4,17.4
Baca,Democrat,Hillary Clinton,15,12.700000000000003,70.1,17.2
Hood River,Democrat,Bernie Sanders,2527,15.900000000000006,53.599999999999994,30.5
Morehouse,Democrat,Hillary Clinton,1513,23.099999999999994,64.0,12.9
Crenshaw,Republican,Donald Trump,1496,23.299999999999997,64.0,12.7
Harlan,Republican,Donald Trump,436,7.900000000000006,76.8,15.3
Cherokee,Republican,Donald Trump,18460,11.099999999999994,54.7,34.2
DeKalb,Republican,Donald Trump,800,17.0,73.5,9.5
Richmond City,Democrat,Hillary Clinton,21822,18.5,46.7,34.8
Woodford,Democrat,Bernie Sanders,1918,11.599999999999994,56.800000000000004,31.6
Delta,Republican,Donald Trump,1954,8.599999999999994,73.2,18.2
Steuben,Republican,Donald Trump,3973,11.299999999999997,69.30000000000001,19.4
Dade,Republican,Donald Trump,1151,19.700000000000003,63.3,17.0
Hickman,Democrat,Bernie Sanders,300,21.0,68.7,10.3
Coweta,Republican,Donald Trump,9593,12.200000000000003,60.9,26.9
Clayton,Democrat,Bernie Sanders,408,8.400000000000006,76.1,15.5
Judith Basin,Republican,Donald Trump,421,6.599999999999994,63.7,29.7
Louisa,Republican,Donald Trump,261,16.700000000000003,69.8,13.5
Bertie,Democrat,Hillary Clinton,2065,27.400000000000006,61.99999999999999,10.6
Valley,Republican,Donald Trump,575,7.599999999999994,58.10000000000001,34.3
Nevada,Democrat,Hillary Clinton,647,17.900000000000006,69.3,12.8
Hall,Republican,Donald Trump,3818,18.099999999999994,64.80000000000001,17.1
Lassen,Republican,Donald Trump,2508,20.599999999999994,66.30000000000001,13.1
Alexandria,Democrat,Hillary Clinton,16281,8.799999999999997,29.800000000000004,61.4
Richland,Republican,Donald Trump,1469,9.400000000000006,70.19999999999999,20.4
Shelby,Republican,Donald Trump,5044,14.400000000000006,70.8,14.8
Clay,Republican,Donald Trump,3615,13.400000000000006,72.6,14.0
Clinton,Democrat,Bernie Sanders,4301,15.400000000000006,62.49999999999999,22.1
Flathead,Republican,Donald Trump,10642,6.200000000000003,65.4,28.4
Carroll,Republican,Donald Trump,7495,20.299999999999997,61.400000000000006,18.3
Onondaga,Democrat,Hillary Clinton,20397,10.099999999999994,56.800000000000004,33.1
Mendocino,Democrat,Bernie Sanders,4654,14.799999999999997,63.2,22.0
Broadwater,Republican,Donald Trump,1001,10.599999999999994,70.0,19.4
Washington,Democrat,Hillary Clinton,1511,19.5,71.0,9.5
Franklin,Republican,Donald Trump,3487,14.599999999999994,67.30000000000001,18.1
Yellowstone,Republican,Donald Trump,17925,7.700000000000003,63.599999999999994,28.7
Woodbury,Democrat,Bernie Sanders,1920,14.599999999999994,65.10000000000001,20.3
Dixie,Republican,Donald Trump,1103,21.5,70.1,8.4
Schoolcraft,Republican,Donald Trump,529,10.099999999999994,77.5,12.4
Saguache,Democrat,Bernie Sanders,219,22.0,54.2,23.8
Wilcox,Republican,Donald Trump,602,24.099999999999994,67.30000000000001,8.6
Duval,Democrat,Hillary Clinton,58632,12.099999999999994,61.50000000000001,26.4
Copiah,Democrat,Hillary Clinton,3373,20.400000000000006,66.1,13.5
Park,Democrat,Bernie Sanders,8,6.700000000000003,65.5,27.8
Jerauld,Democrat,Hillary Clinton,96,15.200000000000003,69.39999999999999,15.4
Gentry,Republican,Donald Trump,435,14.299999999999997,70.4,15.3
Jeff Davis,Democrat,Hillary Clinton,1806,22.0,63.6,14.4
Garfield,Republican,Donald Trump,357,8.299999999999997,78.7,13.0
Coosa,Republican,Donald Trump,1233,25.0,65.2,9.8
Jefferson,Democrat,Hillary Clinton,9936,17.0,65.5,17.5
Tishomingo,Republican,Donald Trump,1854,23.200000000000003,65.5,11.3
Rapides,Democrat,Hillary Clinton,4722,17.599999999999994,64.10000000000001,18.3
Owen,Democrat,Bernie Sanders,720,15.900000000000006,68.19999999999999,15.9
Jones,Republican,Donald Trump,6388,21.299999999999997,61.900000000000006,16.8
Colfax,Democrat,Hillary Clinton,949,13.400000000000006,66.8,19.8
Frio,Democrat,Hillary Clinton,1864,36.1,57.4,6.5
Athens,Democrat,Bernie Sanders,5663,10.599999999999994,61.2,28.2
Linn,Democrat,Bernie Sanders,6331,6.200000000000003,62.599999999999994,31.2
Otero,Democrat,Bernie Sanders,94,17.0,67.5,15.5
East Feliciana,Democrat,Hillary Clinton,1847,19.5,67.5,13.0
Jefferson,Democrat,Bernie Sanders,8281,6.299999999999997,53.0,40.7
Wabash,Republican,Donald Trump,977,10.700000000000003,72.5,16.8
Monroe,Republican,Donald Trump,6030,10.099999999999994,61.900000000000006,28.0
Marion,Democrat,Hillary Clinton,3359,18.200000000000003,68.2,13.6
Marshall,Democrat,Bernie Sanders,738,20.700000000000003,64.89999999999999,14.4
Cherokee,Republican,Donald Trump,248,8.400000000000006,72.0,19.6
Kit Carson,Democrat,Bernie Sanders,16,16.0,70.5,13.5
Haywood,Democrat,Hillary Clinton,1197,24.099999999999994,64.5,11.4
Madison,Republican,Donald Trump,7540,10.799999999999997,43.400000000000006,45.8
Monona,Republican,Ted Cruz,185,10.299999999999997,75.4,14.3
Delaware,Republican,Donald Trump,8793,13.099999999999994,64.4,22.5
Cheboygan,Republican,Donald Trump,2089,12.200000000000003,71.5,16.3
Fayette,Republican,Donald Trump,1933,15.799999999999997,71.10000000000001,13.1
DeKalb,Democrat,Bernie Sanders,8315,8.900000000000006,61.3,29.8
Navajo,Democrat,Hillary Clinton,4415,19.400000000000006,65.69999999999999,14.9
Lincoln,Democrat,Bernie Sanders,1510,26.099999999999994,65.7,8.2
Baltimore,Democrat,Hillary Clinton,73099,10.099999999999994,54.2,35.7
Phillips,Democrat,Hillary Clinton,2696,27.200000000000003,60.8,12.0
McLean,Republican,Ted Cruz,13085,5.599999999999994,51.60000000000001,42.8
Calhoun,Republican,Donald Trump,8960,21.400000000000006,62.49999999999999,16.1
Van Buren,Democrat,Bernie Sanders,3656,14.700000000000003,67.4,17.9
Hancock,Republican,Donald Trump,1494,9.400000000000006,72.19999999999999,18.4
Hinsdale,Democrat,Bernie Sanders,10,6.200000000000003,51.599999999999994,42.2
Harmon,Democrat,Bernie Sanders,167,24.700000000000003,57.5,17.8
Napa,Democrat,Hillary Clinton,7370,16.900000000000006,51.8,31.3
Jim Wells,Democrat,Hillary Clinton,4688,29.5,59.4,11.1
Alamance,Democrat,Hillary Clinton,7374,17.0,61.3,21.7
Sabine,Republican,Ted Cruz,728,20.099999999999994,66.9,13.0
Calaveras,Republican,Donald Trump,4902,7.200000000000003,71.6,21.2
Barbour,Democrat,Hillary Clinton,2567,26.299999999999997,60.300000000000004,13.4
Putnam,Republican,Donald Trump,565,15.299999999999997,71.0,13.7
Levy,Republican,Donald Trump,3745,18.900000000000006,70.0,11.1
Orange,Democrat,Bernie Sanders,18096,9.0,35.2,55.8
Dallas,Democrat,Hillary Clinton,113574,22.599999999999994,48.800000000000004,28.6
Lawrence,Republican,Donald Trump,3604,22.900000000000006,65.19999999999999,11.9
Bolivar,Democrat,Hillary Clinton,3029,26.200000000000003,52.599999999999994,21.2
St. Johns,Republican,Donald Trump,24205,6.799999999999997,51.800000000000004,41.4
Dickinson,Democrat,Bernie Sanders,358,6.700000000000003,67.9,25.4
Brooks,Democrat,Hillary Clinton,1603,36.8,52.400000000000006,10.8
Seminole,Republican,Donald Trump,25763,8.200000000000003,56.8,35.0
Martin,Republican,Donald Trump,586,28.5,64.0,7.5
Vermillion,Republican,Donald Trump,1748,10.900000000000006,76.1,13.0
Webster,Republican,Donald Trump,1191,18.700000000000003,62.3,19.0
Norfolk,Democrat,Hillary Clinton,15747,14.0,60.7,25.3
Butler,Democrat,Bernie Sanders,350,9.099999999999994,75.9,15.0
Ben Hill,Republican,Donald Trump,1020,23.099999999999994,67.10000000000001,9.8
Montgomery,Republican,Donald Trump,1192,19.200000000000003,68.7,12.1
Hancock,Republican,Donald Trump,4147,14.599999999999994,63.400000000000006,22.0
Leake,Democrat,Hillary Clinton,1614,25.099999999999994,64.2,10.7
Pontotoc,Democrat,Bernie Sanders,2392,13.299999999999997,58.7,28.0
Gilmer,Democrat,Bernie Sanders,643,23.299999999999997,60.1,16.6
Crawford,Republican,Donald Trump,1108,14.599999999999994,70.2,15.2
Nelson,Democrat,Hillary Clinton,991,19.200000000000003,54.099999999999994,26.7
Piatt,Republican,Ted Cruz,1855,7.299999999999997,66.2,26.5
Minidoka,Republican,Ted Cruz,1163,24.299999999999997,65.8,9.9
Wayne,Republican,Donald Trump,805,30.200000000000003,60.0,9.8
Turner,Republican,Donald Trump,652,27.900000000000006,62.3,9.8
Hamilton,Republican,Donald Trump,1030,6.599999999999994,69.30000000000001,24.1
Lawrence,Republican,Donald Trump,1201,17.700000000000003,69.39999999999999,12.9
Lunenburg,Democrat,Hillary Clinton,738,31.0,57.1,11.9
Crawford,Republican,Donald Trump,1508,10.799999999999997,72.1,17.1
Crook,Democrat,Hillary Clinton,1,6.900000000000006,72.19999999999999,20.9
Livingston,Republican,Donald Trump,4918,15.5,67.0,17.5
Brooke,Democrat,Bernie Sanders,1966,10.5,72.5,17.0
Prince George's,Democrat,Hillary Clinton,113912,14.5,55.7,29.8
Valley,Republican,Donald Trump,1250,9.0,73.9,17.1
Coal,Democrat,Bernie Sanders,456,19.299999999999997,67.4,13.3
Clayton,Democrat,Hillary Clinton,25130,18.299999999999997,63.7,18.0
Howard,Republican,Donald Trump,8475,11.200000000000003,68.8,20.0
Attala,Democrat,Hillary Clinton,1519,26.799999999999997,57.2,16.0
Caroline,Republican,Donald Trump,2521,17.299999999999997,67.7,15.0
Shannon,Republican,Donald Trump,808,19.0,69.8,11.2
Tuolumne,Republican,Donald Trump,4949,10.900000000000006,69.6,19.5
Gallatin,Democrat,Bernie Sanders,340,24.799999999999997,66.4,8.8
Daniels,Republican,Donald Trump,340,5.599999999999994,71.5,22.9
JoDaviess,Republican,Donald Trump,1666,8.099999999999994,68.2,23.7
Saint Francis,Democrat,Hillary Clinton,1912,24.0,64.3,11.7
Orange,Democrat,Hillary Clinton,66654,12.799999999999997,57.1,30.1
Monroe,Republican,Ted Cruz,195,13.299999999999997,67.4,19.3
Summers,Democrat,Bernie Sanders,1060,21.400000000000006,65.89999999999999,12.7
Pike,Republican,Donald Trump,2493,19.0,58.0,23.0
White,Republican,Donald Trump,2715,14.799999999999997,65.9,19.3
Pulaski,Republican,Donald Trump,2821,20.099999999999994,64.80000000000001,15.1
Harrison,Republican,Donald Trump,4326,12.400000000000006,72.69999999999999,14.9
Gilchrist,Republican,Donald Trump,1860,20.200000000000003,68.7,11.1
Bradford,Republican,Donald Trump,1802,24.5,66.3,9.2
Okmulgee,Democrat,Bernie Sanders,1882,14.599999999999994,71.5,13.9
Jasper,Democrat,Hillary Clinton,927,8.5,73.7,17.8
Willacy,Democrat,Hillary Clinton,2072,37.8,53.400000000000006,8.8
Scott,Democrat,Hillary Clinton,2013,27.700000000000003,62.699999999999996,9.6
Effingham,Republican,Ted Cruz,3448,9.099999999999994,70.9,20.0
New Madrid,Republican,Donald Trump,1376,23.099999999999994,64.60000000000001,12.3
Rockcastle,Republican,Donald Trump,743,24.700000000000003,64.39999999999999,10.9
Spencer,Republican,Donald Trump,2350,13.5,71.0,15.5
Calhoun,Democrat,Bernie Sanders,503,11.0,74.6,14.4
Buffalo,Democrat,Hillary Clinton,110,21.799999999999997,69.10000000000001,9.1
Trinity,Republican,Donald Trump,1026,8.700000000000003,70.0,21.3
Albany,Democrat,Bernie Sanders,20422,7.900000000000006,53.3,38.8
Charlton,Republican,Donald Trump,602,25.700000000000003,64.89999999999999,9.4
Marshall,Democrat,Bernie Sanders,960,14.799999999999997,65.9,19.3
Sharp,Republican,Donald Trump,1241,17.0,72.0,11.0
Madison,Democrat,Hillary Clinton,4351,14.099999999999994,61.300000000000004,24.6
Lewis,Republican,Donald Trump,522,26.099999999999994,63.300000000000004,10.6
San Luis Obispo,Republican,Donald Trump,19313,10.400000000000006,58.099999999999994,31.5
Jessamine,Democrat,Bernie Sanders,2113,15.400000000000006,57.199999999999996,27.4
Carbon,Democrat,Hillary Clinton,4,10.400000000000006,71.89999999999999,17.7
Huron,Republican,Donald Trump,2346,13.099999999999994,73.2,13.7
Lee,Democrat,Hillary Clinton,7137,13.299999999999997,54.2,32.5
St. Charles,Republican,Donald Trump,30489,6.400000000000006,58.49999999999999,35.1
Warren,Republican,Donald Trump,2722,15.700000000000003,68.3,16.0
Pasquotank,Democrat,Hillary Clinton,2471,16.299999999999997,63.6,20.1
Morgan,Democrat,Bernie Sanders,988,29.299999999999997,59.2,11.5
Randolph,Republican,Donald Trump,1887,15.400000000000006,71.0,13.6
Cleburne,Republican,Donald Trump,2530,15.5,67.7,16.8
Staunton,Democrat,Bernie Sanders,1364,15.400000000000006,56.599999999999994,28.0
Duplin,Democrat,Hillary Clinton,3036,28.599999999999994,61.00000000000001,10.4
Boone,Democrat,Bernie Sanders,715,8.0,71.7,20.3
Lincoln,Democrat,Hillary Clinton,599,26.5,65.6,7.9
Terrebonne,Republican,Donald Trump,3454,24.900000000000006,61.699999999999996,13.4
LaClede,Republican,Donald Trump,3493,18.299999999999997,68.8,12.9
Caribou,Republican,Ted Cruz,602,11.299999999999997,71.2,17.5
Harris,Republican,Donald Trump,2542,10.799999999999997,61.900000000000006,27.3
Teton,Republican,Donald Trump,882,9.599999999999994,65.9,24.5
Mahaska,Republican,Ted Cruz,669,9.5,69.0,21.5
Seminole,Democrat,Bernie Sanders,1194,17.700000000000003,68.2,14.1
Adams,Republican,Donald Trump,354,7.200000000000003,70.9,21.9
Acadia,Democrat,Hillary Clinton,1862,27.900000000000006,61.89999999999999,10.2
Houston,Republican,Donald Trump,7091,11.200000000000003,64.8,24.0
Hempstead,Republican,Ted Cruz,917,18.299999999999997,67.60000000000001,14.1
Queens,Democrat,Hillary Clinton,122386,19.900000000000006,50.099999999999994,30.0
Pierce,Republican,Donald Trump,617,6.900000000000006,74.3,18.8
Thomas,Republican,Donald Trump,2649,18.200000000000003,63.699999999999996,18.1
Radford,Democrat,Bernie Sanders,655,13.299999999999997,54.6,32.1
Washakie,Democrat,Hillary Clinton,2,9.5,66.9,23.6
Arlington,Democrat,Hillary Clinton,25561,6.700000000000003,21.599999999999994,71.7
Whitley,Republican,Donald Trump,1556,26.599999999999994,60.00000000000001,13.4
Stone,Republican,Ted Cruz,1428,15.5,70.9,13.6
Ogemaw,Republican,Donald Trump,1612,14.900000000000006,73.8,11.3
Dorchester,Republican,Donald Trump,2744,16.799999999999997,65.2,18.0
Carter,Republican,Donald Trump,349,7.200000000000003,76.4,16.4
Sullivan,Democrat,Bernie Sanders,2671,15.5,63.6,20.9
Van Buren,Republican,Ted Cruz,196,12.799999999999997,72.8,14.4
Lincoln,Republican,Donald Trump,3073,13.200000000000003,68.5,18.3
Dallas,Republican,Marco Rubio,2469,5.599999999999994,50.800000000000004,43.6
Carter,Democrat,Bernie Sanders,1051,24.5,65.1,10.4
Taylor,Republican,Donald Trump,140,10.0,76.2,13.8
Lawrence,Republican,Ted Cruz,4235,15.5,69.1,15.4
Lyon,Republican,Ted Cruz,432,10.900000000000006,71.5,17.6
Chester,Democrat,Hillary Clinton,1962,22.0,65.6,12.4
Dona Ana,Democrat,Hillary Clinton,9097,22.5,50.9,26.6
Vernon,Republican,Donald Trump,1119,13.599999999999994,67.60000000000001,18.8
Gogebic,Democrat,Bernie Sanders,790,8.299999999999997,73.4,18.3
Natrona,Democrat,Hillary Clinton,20,8.200000000000003,69.5,22.3
Eaton,Democrat,Bernie Sanders,7007,6.599999999999994,68.80000000000001,24.6
Lanier,Republican,Donald Trump,512,23.599999999999994,64.4,12.0
Madison,Republican,Donald Trump,2460,21.299999999999997,63.800000000000004,14.9
Wright,Democrat,Hillary Clinton,273,11.200000000000003,72.8,16.0
Yuba,Republican,Donald Trump,3210,21.0,65.3,13.7
Calhoun,Democrat,Bernie Sanders,200,9.5,71.4,19.1
Marion,Republican,Ted Cruz,2263,15.900000000000006,65.6,18.5
Gilmer,Republican,Donald Trump,3314,23.5,60.1,16.4
Alpine,Democrat,Bernie Sanders,129,9.599999999999994,59.2,31.2
Columbia,Republican,Donald Trump,9177,8.700000000000003,57.199999999999996,34.1
San Miguel,Democrat,Hillary Clinton,3418,16.099999999999994,64.30000000000001,19.6
Kootenai,Republican,Ted Cruz,11924,7.900000000000006,68.8,23.3
Trimble,Democrat,Bernie Sanders,542,15.5,68.4,16.1
Ohio,Democrat,Bernie Sanders,943,22.700000000000003,69.3,8.0
Madison,Republican,Donald Trump,1412,5.200000000000003,62.099999999999994,32.7
Howell,Republican,Donald Trump,4230,17.400000000000006,67.19999999999999,15.4
Nueces,Democrat,Hillary Clinton,15662,20.200000000000003,59.8,20.0
Barton,Republican,Ted Cruz,1560,14.200000000000003,68.9,16.9
Appling,Republican,Donald Trump,1290,23.200000000000003,64.0,12.8
Audrain,Republican,Ted Cruz,1642,15.700000000000003,71.2,13.1
Floyd,Democrat,Hillary Clinton,453,9.5,74.6,15.9
Henrico,Democrat,Hillary Clinton,28121,9.900000000000006,50.39999999999999,39.7
Cook,Republican,Donald Trump,1229,25.200000000000003,62.4,12.4
Jackson,Republican,Donald Trump,582,30.700000000000003,61.099999999999994,8.2
Calhoun,Democrat,Hillary Clinton,200,9.5,71.4,19.1
Teton,Republican,Ted Cruz,465,12.200000000000003,53.4,34.4
Dawson,Republican,Donald Trump,1950,24.200000000000003,59.8,16.0
Glenn,Republican,Donald Trump,1699,27.700000000000003,57.699999999999996,14.6
Lake,Republican,Donald Trump,2927,9.799999999999997,65.4,24.8
Washington,Republican,Donald Trump,3156,19.900000000000006,68.19999999999999,11.9
Bond,Republican,Donald Trump,1102,13.700000000000003,67.19999999999999,19.1
Owen,Republican,Donald Trump,2679,16.799999999999997,72.2,11.0
Pointe Coupee,Democrat,Hillary Clinton,1680,19.0,66.7,14.3
Lincoln,Republican,Donald Trump,2950,17.200000000000003,66.0,16.8
Daviess,Republican,Donald Trump,634,15.799999999999997,67.80000000000001,16.4
Ingham,Democrat,Bernie Sanders,22909,8.900000000000006,54.599999999999994,36.5
Burt,Republican,Donald Trump,603,8.099999999999994,73.60000000000001,18.3
Cleveland,Democrat,Hillary Clinton,4880,18.0,65.7,16.3
Erie,Democrat,Hillary Clinton,19511,10.099999999999994,65.10000000000001,24.8
Terrell,Democrat,Hillary Clinton,67,25.5,57.1,17.4
Martin,Democrat,Hillary Clinton,2469,18.5,69.6,11.9
Baltimore City,Democrat,Hillary Clinton,81115,19.799999999999997,53.400000000000006,26.8
Hillsborough,Democrat,Hillary Clinton,68936,13.200000000000003,57.3,29.5
Hopkins,Democrat,Bernie Sanders,2696,17.400000000000006,68.39999999999999,14.2
Bonner,Republican,Ted Cruz,3132,9.299999999999997,69.6,21.1
Taos,Democrat,Bernie Sanders,4325,12.5,58.0,29.5
Kent,Democrat,Bernie Sanders,43375,10.599999999999994,57.7,31.7
Albemarle,Democrat,Hillary Clinton,8284,8.599999999999994,39.2,52.2
Evans,Republican,Donald Trump,481,23.799999999999997,62.1,14.1
Fayette,Democrat,Bernie Sanders,3585,21.099999999999994,67.30000000000001,11.6
Hidalgo,Democrat,Hillary Clinton,40276,38.2,45.9,15.9
Yalobusha,Democrat,Hillary Clinton,1214,22.5,64.3,13.2
Calhoun,Democrat,Hillary Clinton,413,19.5,73.1,7.4
Jefferson,Democrat,Bernie Sanders,347,18.5,70.3,11.2
Jim Hogg,Democrat,Hillary Clinton,1421,33.900000000000006,55.199999999999996,10.9
Texas,Republican,Donald Trump,2659,17.099999999999994,70.9,12.0
Laurel,Republican,Donald Trump,2313,25.099999999999994,62.300000000000004,12.6
Newton,Republican,Donald Trump,1073,20.200000000000003,67.1,12.7
Oktibbeha,Democrat,Hillary Clinton,2389,13.599999999999994,43.800000000000004,42.6
Paulding,Republican,Donald Trump,10002,11.5,65.1,23.4
Ventura,Democrat,Hillary Clinton,45848,17.200000000000003,51.4,31.4
Big Horn,Democrat,Hillary Clinton,2,10.900000000000006,67.89999999999999,21.2
Lafourche,Republican,Donald Trump,2725,26.200000000000003,59.0,14.8
Jeff Davis,Republican,Donald Trump,1071,20.400000000000006,70.0,9.6
Cumberland,Republican,Ted Cruz,1081,11.200000000000003,75.0,13.8
Logan,Democrat,Bernie Sanders,1131,23.700000000000003,63.0,13.3
Prowers,Democrat,Hillary Clinton,40,20.799999999999997,65.10000000000001,14.1
Jefferson,Republican,Donald Trump,3281,13.200000000000003,70.89999999999999,15.9
Mason,Republican,Donald Trump,1785,10.5,69.7,19.8
Dinwiddie,Democrat,Hillary Clinton,1935,19.799999999999997,67.4,12.8
Henderson,Republican,Donald Trump,516,11.599999999999994,72.7,15.7
Fayette,Republican,Donald Trump,8055,5.700000000000003,51.699999999999996,42.6
Bremer,Democrat,Hillary Clinton,640,6.200000000000003,65.5,28.3
Wayne,Republican,Donald Trump,1735,27.299999999999997,62.5,10.2
Jefferson,Democrat,Hillary Clinton,1671,18.799999999999997,64.30000000000001,16.9
Wakulla,Republican,Donald Trump,1664,12.299999999999997,70.5,17.2
Sharkey,Democrat,Hillary Clinton,645,22.700000000000003,56.199999999999996,21.1
Volusia,Republican,Donald Trump,34167,12.400000000000006,66.8,20.8
Jackson,Democrat,Hillary Clinton,450,10.799999999999997,74.7,14.5
Kershaw,Democrat,Hillary Clinton,3743,15.099999999999994,65.60000000000001,19.3
Schuyler,Republican,Donald Trump,428,14.099999999999994,76.10000000000001,9.8
Sumter,Democrat,Hillary Clinton,1960,23.799999999999997,57.7,18.5
Fremont,Democrat,Bernie Sanders,10,8.700000000000003,70.1,21.2
Clarke,Democrat,Hillary Clinton,7089,14.900000000000006,45.599999999999994,39.5
Oneida,Republican,Ted Cruz,473,6.900000000000006,79.89999999999999,13.2
LaRue,Democrat,Bernie Sanders,910,19.799999999999997,69.10000000000001,11.1
Durham,Democrat,Hillary Clinton,35845,13.099999999999994,41.800000000000004,45.1
Daviess,Democrat,Bernie Sanders,5188,12.0,69.2,18.8
Johnson,Republican,Donald Trump,1383,16.599999999999994,68.30000000000001,15.1
Ottawa,Democrat,Bernie Sanders,1238,16.400000000000006,69.69999999999999,13.9
Jasper,Republican,Ted Cruz,11113,15.700000000000003,64.1,20.2
Taylor,Democrat,Hillary Clinton,140,10.0,76.2,13.8
Honolulu,Democrat,Bernie Sanders,11458,9.700000000000003,58.199999999999996,32.1
Garfield,Republican,Donald Trump,227,6.0,80.2,13.8
Barnwell,Democrat,Hillary Clinton,1560,20.299999999999997,68.5,11.2
Amite,Democrat,Hillary Clinton,1212,25.299999999999997,63.1,11.6
Carroll,Democrat,Bernie Sanders,0,15.400000000000006,67.3,17.3
Carroll,Democrat,Hillary Clinton,0,15.400000000000006,67.3,17.3
Lewis and Clark,Republican,Donald Trump,6194,5.299999999999997,57.2,37.5
Brunswick,Democrat,Hillary Clinton,1354,28.700000000000003,59.099999999999994,12.2
Tazewell,Republican,Ted Cruz,12085,8.299999999999997,68.1,23.6
Etowah,Republican,Donald Trump,8657,18.200000000000003,67.0,14.8
Porter,Republican,Donald Trump,16194,8.599999999999994,66.0,25.4
Dallas,Democrat,Hillary Clinton,8577,22.5,63.3,14.2
Big Horn,Democrat,Bernie Sanders,2,10.900000000000006,67.89999999999999,21.2
Menominee,Democrat,Bernie Sanders,355,9.599999999999994,74.60000000000001,15.8
Charlevoix,Republican,Donald Trump,1886,8.400000000000006,64.6,27.0
Clay,Republican,Donald Trump,1294,12.299999999999997,73.7,14.0
Bacon,Republican,Donald Trump,904,27.799999999999997,60.1,12.1
Catoosa,Republican,Donald Trump,4449,17.700000000000003,64.8,17.5
Pima,Democrat,Hillary Clinton,56317,12.799999999999997,57.400000000000006,29.8
Clare,Republican,Donald Trump,1996,16.099999999999994,72.80000000000001,11.1
Kankakee,Republican,Donald Trump,6403,13.599999999999994,69.30000000000001,17.1
Dallas,Republican,Donald Trump,1672,23.099999999999994,62.800000000000004,14.1
San Mateo,Democrat,Hillary Clinton,47358,11.400000000000006,44.199999999999996,44.4
Tate,Republican,Ted Cruz,2034,20.099999999999994,64.5,15.4
Union,Republican,Donald Trump,875,14.599999999999994,67.0,18.4
Boise,Republican,Donald Trump,691,10.799999999999997,65.1,24.1
Benton,Republican,Donald Trump,1175,11.099999999999994,72.9,16.0
Winneshiek,Democrat,Bernie Sanders,616,6.200000000000003,67.3,26.5
Jefferson,Democrat,Hillary Clinton,67357,12.599999999999994,57.400000000000006,30.0
Douglas,Democrat,Hillary Clinton,9375,12.799999999999997,62.800000000000004,24.4
Saline,Republican,Ted Cruz,7507,10.799999999999997,65.80000000000001,23.4
Caroline,Democrat,Hillary Clinton,1902,19.099999999999994,64.10000000000001,16.8
Story,Democrat,Bernie Sanders,2737,4.5,47.8,47.7
Lake,Democrat,Bernie Sanders,165,13.200000000000003,58.699999999999996,28.1
Logan,Democrat,Hillary Clinton,77,11.299999999999997,72.9,15.8
Butts,Republican,Donald Trump,1884,25.299999999999997,66.3,8.4
Moultrie,Republican,Ted Cruz,1321,15.0,70.9,14.1
Monroe,Republican,Donald Trump,3272,7.200000000000003,66.9,25.9
Merrick,Republican,Donald Trump,775,9.299999999999997,73.7,17.0
St. Tammany,Republican,Donald Trump,12933,11.599999999999994,58.300000000000004,30.1
Boone,Republican,Donald Trump,2577,14.599999999999994,70.0,15.4
Sandoval,Democrat,Hillary Clinton,7448,9.200000000000003,62.5,28.3
Johnston,Democrat,Bernie Sanders,606,19.200000000000003,63.099999999999994,17.7
Fleming,Democrat,Bernie Sanders,806,24.0,63.2,12.8
Lincoln,Republican,Ted Cruz,276,25.5,62.7,11.8
Manhattan,Democrat,Hillary Clinton,177496,14.0,27.1,58.9
Toombs,Republican,Donald Trump,1513,20.799999999999997,64.0,15.2
